.Random.seed <-
c(403L, 10L, 1579219043L, 450026753L, 1134948464L, -205808626L, 
1257716857L, 1589496843L, -132782790L, -661769156L, 1864729471L, 
-119582507L, 1831445740L, -144064958L, -1530687075L, 1706542103L, 
2074745214L, -286441672L, -588351461L, -1880491655L, 1016176584L, 
732890102L, 1769100849L, -747900829L, -1826926542L, 185871748L, 
1997706183L, 290674333L, 1278049812L, 947717306L, -709988091L, 
-313199905L, 96247654L, 263124720L, -475787757L, 1973864369L, 
-640675232L, -1279479810L, -276127863L, 2040510651L, -2133740406L, 
1497450348L, -2147281681L, -1056538843L, -2136675876L, -2077403214L, 
-1953800531L, -631941529L, 477898126L, 387076712L, -1266512277L, 
-281942007L, 126260888L, 814895558L, 1409646881L, 1131680179L, 
-227971806L, -1006287084L, 458047383L, -1051828339L, -1130765660L, 
1752427658L, -1701281035L, 1064510799L, -88378794L, 1308774656L, 
1622762563L, 1762469857L, -401569968L, -1589610066L, -244861095L, 
1258732907L, 22963418L, 1168633244L, 913412511L, -927190027L, 
1253941900L, 763488098L, -2022533315L, 1173827511L, 1218083934L, 
477983128L, -1224223493L, -626745191L, -245657304L, 2044372950L, 
-360102831L, -5574909L, 196585106L, 1714873380L, -617157913L, 
-1779368131L, -2009727052L, 1155097626L, -1966702747L, 30827007L, 
1664363654L, 1105702928L, -1169689933L, -862391983L, 1607553280L, 
-1706896418L, 615907369L, -2064853029L, -1111030550L, 594469516L, 
-1864172081L, -1938771579L, 919177788L, 1014558482L, 1538151437L, 
-1251745977L, -459449042L, -1066705784L, 408291723L, -118025879L, 
-379462856L, -88341018L, 990208385L, 1332573459L, 1440608962L, 
-1436131980L, 686611831L, 1546839661L, -1114347260L, 2086829098L, 
-449064555L, 710051375L, 1172480822L, -359867552L, -804331101L, 
-1962024255L, -1588987216L, -1675020850L, 268626233L, -1719892661L, 
-2056073478L, -2046836740L, -1710571457L, 429881621L, -1605664212L, 
369069826L, 1872518109L, -1543776553L, 1561829822L, -1186561032L, 
-332859429L, -184890823L, 1659521928L, -1230800074L, -2076448399L, 
512574371L, 1840993010L, 754692676L, -154526457L, -1329077027L, 
567759316L, 2005169402L, 1773497413L, 473136287L, 383589926L, 
930257584L, 1847265107L, 1539785329L, -1326641248L, 218179390L, 
-238522807L, -129135877L, -1539687734L, -1769706452L, 1248228399L, 
-132326171L, -1698769508L, 587339762L, -1800748435L, 237684647L, 
-1258735154L, 2025590568L, -1205418709L, -1867536567L, 738159704L, 
-504342266L, 1369531617L, -628276109L, 1212158178L, -1034078124L, 
-305504937L, -1421841075L, -1677905692L, 951413962L, -1834172107L, 
2013611919L, -1903094634L, 1124654144L, 1805913347L, -939097823L, 
514116112L, 290197998L, -957921895L, 110469675L, -2067967206L, 
244689372L, 1606983647L, 719022005L, -800194228L, 1894746018L, 
1838722813L, 1864204279L, -1017214690L, 1484403672L, 245159227L, 
290697945L, -347689368L, -1337380970L, -1761846511L, 642086083L, 
605617362L, -1986647708L, 71257255L, -1894075907L, 734551028L, 
-38054694L, 1558033957L, -879088833L, -149370682L, 156861776L, 
-88789645L, -1516669039L, 185240000L, -1919589424L, 2060326242L, 
-281985304L, -1397105460L, -517588484L, 1700503026L, 445586560L, 
-204842508L, -1156963704L, -1383130310L, -2059934384L, -596810644L, 
1911434644L, 228550738L, -2026578464L, -548481844L, 2060820128L, 
-1039519358L, -603029272L, 701000428L, -431645380L, -694572942L, 
596214384L, 1096047140L, -1656174536L, 723794202L, -990845744L, 
2089589052L, 1420178324L, -1710590078L, -194532416L, 2084189756L, 
1712849296L, 1551345698L, 237726984L, -650278772L, 157110044L, 
663870610L, 689720704L, 1171271700L, 1645111080L, -1868855750L, 
65685968L, -1377509012L, 959273908L, -1782812142L, -59394080L, 
1078925772L, 331012320L, -1071721438L, -1249739992L, 1200007692L, 
-445787332L, 1622140914L, 1938268912L, -1609455036L, -530934184L, 
-1049413830L, 497317872L, 1936804540L, 1784014100L, 703147202L, 
382798944L, 1569283452L, -70869040L, 984320290L, 1392832168L, 
-1073209460L, 304383164L, 207237938L, -18393536L, 128955572L, 
-920171448L, -91025990L, -2013726192L, 854592748L, 1019736404L, 
156605202L, -946944608L, 913765068L, 708315744L, -2048530494L, 
924050216L, 712655276L, 965162300L, -547667086L, -2130262736L, 
692051748L, 1063085368L, -463730982L, 455514000L, 1603560188L, 
1595997076L, 641909826L, -569586432L, 30113852L, 827297104L, 
-923765598L, -1700103352L, -1740558580L, -261837092L, -1917843630L, 
1656571520L, 1350299732L, 88556520L, -1289704710L, -808759984L, 
340891436L, -30897292L, -1677556846L, 1276562016L, -1225666676L, 
-1491314848L, -820839454L, 720997288L, -83153716L, -1210004996L, 
1053953970L, -2031804944L, -672186940L, -1870712488L, 1981859194L, 
469343664L, 1352582076L, 1736796244L, 302571458L, -1942874080L, 
-1410797380L, 374020688L, -2081482782L, 1628790376L, -42541492L, 
-850564868L, -488132622L, 1533011200L, -1193534604L, 711972872L, 
2127817146L, 353668560L, 1675875308L, -1798804588L, -724907054L, 
-1983025312L, -2035222196L, 1114579232L, -871108734L, -189116696L, 
-1214203668L, 435994172L, 1314661234L, -824850832L, 1962601508L, 
109174584L, -629210982L, -2060286256L, 985244860L, -1092318572L, 
1086610050L, -1423945536L, 1651270972L, -1958016880L, 1210498594L, 
201325064L, 1728648460L, 1838047900L, -2081548782L, 282587520L, 
-1255906796L, -1519190488L, -2039725766L, 363322320L, 1920241260L, 
382106420L, 53949074L, 374834528L, 129447244L, 1769382880L, -1732681822L, 
-1358717016L, -960303220L, -440206660L, -465691790L, -1589673744L, 
-1098904508L, 1477799256L, -1314041798L, 1533395824L, 931746876L, 
816868116L, 393366978L, 264211680L, 1816164220L, -1951164720L, 
-1237902686L, -1450290136L, 1306837260L, 1229147068L, 1805092146L, 
1350268864L, 291759668L, -319493176L, 1439900858L, 559073168L, 
680241644L, -1200548780L, 1731107474L, 63957792L, 985588172L, 
-3187744L, 1617483458L, 653366824L, -1346818388L, 1267599036L, 
666108402L, -76605136L, -1994471260L, -1612416328L, -924737702L, 
-420921968L, -510087812L, -738766572L, -2072236734L, 1578431232L, 
1888791484L, 2167632L, -1559976670L, -1329206968L, -2106022846L, 
-1076126633L, -1770784863L, 1917683814L, -2135666588L, -2023724139L, 
1406180543L, 1912147032L, -1004849034L, 1317546115L, -1907816251L, 
288097762L, 568421456L, -1329248903L, -518604117L, 1985012252L, 
1446133066L, 1203348799L, -1155980407L, -732292194L, -1959396788L, 
1881316381L, 1185363367L, -2050307888L, -1368794514L, -1007909605L, 
-1600061827L, -1515647894L, 1077852424L, 80620977L, -1516959197L, 
-1235898588L, 1453004754L, -1843186649L, 1104866929L, 196695222L, 
1153242196L, -1576358683L, 1256069359L, -1967354840L, 1839675526L, 
230179507L, 65094677L, 314463858L, 419156672L, 1267611433L, -2098350693L, 
-2095934868L, 914310778L, 2146547631L, -181169479L, -563381042L, 
-426633700L, -1940640371L, 2018802679L, 715669248L, -922413730L, 
642956843L, 90517805L, -1069412966L, 1069767512L, -1622302015L, 
1009583475L, -975317356L, -1160633566L, -880366025L, 899595009L, 
211386886L, 1382588484L, -1434406539L, -996436769L, -254810056L, 
-478171114L, 166420515L, -1826832411L, -1279866366L, 364992624L, 
-900895207L, -1642485L, -995497220L, 1376647978L, 1834069343L, 
1348445417L, -1408650242L, 52809708L, 1885117245L, -1171237113L, 
-228487440L, 357969550L, 1959618747L, 73604253L, -1689137078L, 
395522664L, -1669530031L, -1668627133L, -994036668L, 721499890L, 
1573764807L, -496810863L, 813087254L, -1171953548L, 13773573L, 
1030193487L, -279592120L, 1074574054L, 1613997075L, -1327637643L, 
-847103150L, -761058400L, 1724169865L, 2068433595L, 83931404L, 
-2131178342L, 1072484879L, 1401632345L, 813419246L, -903429764L, 
-379981331L, -565707113L, 763681120L, -1506845378L, -278557173L, 
873560717L, -773179462L, 1214170616L, -1553489503L, -1553037485L, 
1918355060L, 1016465410L, 1168142999L, 689904737L, 333723814L, 
-1100994396L, 1010295125L, 393708031L, 262961304L, 113370550L, 
-105689533L, 1824093061L, -1099392990L, -40297712L, 615757497L, 
-863696021L, 330293852L, 202555274L, 256634751L, -1358232887L, 
